1.4487902169907154  90.6503677998755
1.5220036129716439  96.71929455286113
1.5599862581833843  103.94024376447905
1.6254087308999792  110.1032705566307
1.70754739504241  119.17849354643407
1.7501604127352495  127.15734201025097
1.8690665324908038  136.65076018275974
1.947451167987385  145.79935466082986
2.114220150290572  155.56043589574102
2.2210604886907017  165.9750090963483
2.333299913797995  174.5549338007163
2.411259864891526  188.94256225356125
2.5331108556222004  200.14571159372497
2.727529547675783  215.08835592361638
2.795596920335718  227.84179243893573
3.010161670060104  244.85219371503626
3.0852823213972163  259.37044550403755
3.2948967924584185  270.8213224499139
3.349488891151251  291.04052508031776
3.577053589971446  306.0855960503653
3.8833727401763793  326.57763714913494
3.915411759200776  350.9595409089401
4.147209575210948  374.4558355046777
4.147209575210948  393.81298385630885
4.768899337682453  464.74254868083943
5.26306232205595  529.0534304778066
5.620635441750317  560.4230939346548
5.904669529940159  585.1650643384222
6.052024612370222  624.3411206531206
6.410312877784626  666.1399640785081
6.734252651520621  715.8731933237956
7.074562449467415  747.478088899589
7.493386375497822  774.8787871539483
8.202195576022477  875.7775543196556
9.588021949995115  1040.9821345500839
10.581552155929538  1168.0898586958324
12.06821911064589  1329.7296505419902
14.459296886846401  1569.226948278705
16.35583126966874  1786.3759247815487
19.119279438109633  2018.9840842679828
21.274543065816815  2249.2556059791227
24.463715299680786  2452.2432316043437
27.44602770782471  2751.6710948459754
30.042183301879195  2935.8919725791498
